[DASH_CAM]
POS=-0.393506,1.08804,-0.011031
EXP=27

