[SETTINGS]
WIDTH=1.1105785369873
LENGTH=2.75273776054382

