[SETTINGS]
WIDTH=1.09656000137329
LENGTH=2.62394332885742

