[SETTINGS]
WIDTH=1.03893387317657
LENGTH=2.41239380836487

