[DASH_CAM]
POS=-0.375131,1.13345,0.029588
EXP=27

