[SETTINGS]
WIDTH=1.06836032867432
LENGTH=2.37073516845703

