[DASH_CAM]
POS=-0.420334,1.00153,0.329889
EXP=23
