[DASH_CAM]
POS=-0.345,0.933498,-0.050419
EXP=33
