[HEADER]
VERSION=2
EDIT_MODE=0
INTENSITY=35
EDIT_BIG=0
EDIT_STATE=4
BURN_FUEL_MULT=10
FLASH_THRESHOLD=7

[FLAME_0]
POSITION=0.4229608,0.2447062,-2.321779
DIRECTION=0.1476204,0.09841357,-0.9841357
VSIZE_START=0.04
VSIZE_END=0.04
LSIZE=0.2

